<?xml version="1.0" encoding="UTF-8" standalone="no"?>
<!-- Created with Inkscape (http://www.inkscape.org/) -->
<svg xmlns:dc="http://purl.org/dc/elements/1.1/" xmlns:cc="http://creativecommons.org/ns#" xmlns:rdf="http://www.w3.org/1999/02/22-rdf-syntax-ns#" xmlns:svg="http://www.w3.org/2000/svg" xmlns="http://www.w3.org/2000/svg" xmlns:sodipodi="http://sodipodi.sourceforge.net/DTD/sodipodi-0.dtd" xmlns:inkscape="http://www.inkscape.org/namespaces/inkscape" width="143.7545mm" height="64.275688mm" viewBox="0 0 509.36634 227.7485" id="svg7212" version="1.1" inkscape:version="0.91 r13725" sodipodi:docname="logo_flisol_2015-rendergraf-DP.svg">
  <title id="title7546">Flisol Amarillo</title>
  <defs id="defs7214">
    <linearGradient id="linearGradient11737">
      <stop id="stop11739" offset="0" style="stop-color:#ffffff;stop-opacity:0;"/>
      <stop style="stop-color:#0046af;stop-opacity:0;" offset="0.7044031" id="stop11741"/>
      <stop style="stop-color:#0044ab;stop-opacity:0.42352942;" offset="0.86842364" id="stop11743"/>
      <stop id="stop11745" offset="0.95386213" style="stop-color:#003996;stop-opacity:0.64999998;"/>
      <stop id="stop11747" offset="1" style="stop-color:#002c80;stop-opacity:1;"/>
    </linearGradient>
    <linearGradient id="linearGradient11729">
      <stop style="stop-color:#5bcaff;stop-opacity:1;" offset="0" id="stop11731"/>
      <stop style="stop-color:#0071de;stop-opacity:1;" offset="1" id="stop11733"/>
    </linearGradient>
    <linearGradient id="linearGradient5073">
      <stop style="stop-color:#ffffff;stop-opacity:1;" offset="0" id="stop5075"/>
      <stop style="stop-color:#ffffff;stop-opacity:0;" offset="1" id="stop5077"/>
    </linearGradient>
    <linearGradient id="linearGradient14323">
      <stop id="stop14325" offset="0" style="stop-color:#ff9e23;stop-opacity:1;"/>
      <stop id="stop14327" offset="1" style="stop-color:#ff7d23;stop-opacity:1"/>
    </linearGradient>
    <linearGradient id="linearGradient3767">
      <stop style="stop-color:#ffffff;stop-opacity:0;" offset="0" id="stop3769"/>
      <stop id="stop3783" offset="0.7044031" style="stop-color:#ffd773;stop-opacity:0;"/>
      <stop id="stop3779" offset="0.86842364" style="stop-color:#ffaf47;stop-opacity:0.42236024;"/>
      <stop style="stop-color:#ff902e;stop-opacity:0.77018636;" offset="0.95386213" id="stop3781"/>
      <stop style="stop-color:#ff5900;stop-opacity:1;" offset="1" id="stop3771"/>
    </linearGradient>
    <linearGradient id="linearGradient14331">
      <stop id="stop14333" offset="0" style="stop-color:#ffdc5b;stop-opacity:1;"/>
      <stop id="stop14335" offset="1" style="stop-color:#ff942e;stop-opacity:0.8214286;"/>
    </linearGradient>
  </defs>
  <sodipodi:namedview id="base" pagecolor="#ffffff" bordercolor="#666666" borderopacity="1.0" inkscape:pageopacity="0.0" inkscape:pageshadow="2" inkscape:zoom="0.35355339" inkscape:cx="453.50016" inkscape:cy="96.133273" inkscape:document-units="px" inkscape:current-layer="layer1" showgrid="false" fit-margin-top="0" fit-margin-left="0" fit-margin-right="0" fit-margin-bottom="0" inkscape:window-width="643" inkscape:window-height="405" inkscape:window-x="832" inkscape:window-y="301" inkscape:window-maximized="0"/>
  <metadata id="metadata7217">
    <rdf:RDF>
      <cc:Work rdf:about="">
        <dc:format>image/svg+xml</dc:format>
        <dc:type rdf:resource="http://purl.org/dc/dcmitype/StillImage"/>
        <dc:title>Flisol Amarillo</dc:title>
        <cc:license rdf:resource="http://creativecommons.org/licenses/by/3.0/"/>
        <dc:date>5/febrero/2015</dc:date>
        <dc:creator>
          <cc:Agent>
            <dc:title>Xavier Araque</dc:title>
          </cc:Agent>
        </dc:creator>
        <dc:rights>
          <cc:Agent>
            <dc:title>CC</dc:title>
          </cc:Agent>
        </dc:rights>
        <dc:publisher>
          <cc:Agent>
            <dc:title>Inkscape</dc:title>
          </cc:Agent>
        </dc:publisher>
        <dc:source>Flisol</dc:source>
        <dc:language>ES</dc:language>
        <dc:subject>
          <rdf:Bag>
            <rdf:li>Logo Flisol 2015</rdf:li>
          </rdf:Bag>
        </dc:subject>
        <dc:description>Logo realizado para el refrescamiento del Flisol 2015

https://www.loomio.org/d/dWQYBfTA/votacion-logo</dc:description>
      </cc:Work>
      <cc:License rdf:about="http://creativecommons.org/licenses/by/3.0/">
        <cc:permits rdf:resource="http://creativecommons.org/ns#Reproduction"/>
        <cc:permits rdf:resource="http://creativecommons.org/ns#Distribution"/>
        <cc:requires rdf:resource="http://creativecommons.org/ns#Notice"/>
        <cc:requires rdf:resource="http://creativecommons.org/ns#Attribution"/>
        <cc:permits rdf:resource="http://creativecommons.org/ns#DerivativeWorks"/>
      </cc:License>
    </rdf:RDF>
  </metadata>
  <g inkscape:label="Capa 1" inkscape:groupmode="layer" id="layer1" transform="translate(-151.03118,-252.14253)">
    <text xml:space="preserve" style="font-style:normal;font-weight:normal;font-size:40px;line-height:125%;font-family:Sans;letter-spacing:0px;word-spacing:0px;fill:#000000;fill-opacity:1;stroke:none" x="212.06458" y="521.29858" id="text20580" sodipodi:linespacing="125%"><tspan sodipodi:role="line" id="tspan20582" x="212.06458" y="521.29858" style="font-weight:bold;font-size:18px;-inkscape-font-specification:'Sans Bold'">Logo Flisol POP-C</tspan><tspan sodipodi:role="line" x="212.06458" y="543.79858" style="font-size:18px" id="tspan20584">Autor: Xavier Araque - xavieraraque.com</tspan><tspan sodipodi:role="line" x="212.06458" y="566.29858" style="font-size:18px" id="tspan20586">Mail: xavieraraque@gmail.com</tspan><tspan sodipodi:role="line" x="212.06458" y="588.79858" style="font-size:18px" id="tspan20588">Twitter: @rendergraf</tspan><tspan sodipodi:role="line" x="212.06458" y="611.29858" style="font-size:18px" id="tspan20590">Licencia: Creative Commons</tspan><tspan sodipodi:role="line" x="212.06458" y="633.79858" style="font-size:18px" id="tspan20592">Fuente: SVG</tspan><tspan sodipodi:role="line" x="212.06458" y="656.29858" style="font-size:18px" id="tspan20594">Fuente de letra: Ninguna (vectores)</tspan><tspan sodipodi:role="line" x="212.06458" y="678.79858" style="font-size:18px" id="tspan20596">Herramienta: Inskcape 0.48.4</tspan><tspan sodipodi:role="line" x="212.06458" y="701.29858" style="font-size:18px" id="tspan20598"/><tspan sodipodi:role="line" x="212.06458" y="723.79858" style="font-size:18px" id="tspan20600">Colores:</tspan><tspan id="tspan20606" sodipodi:role="line" x="212.06458" y="746.29858" style="font-size:18px">hFF8E2A - rgb 255,142,042</tspan></text>
    <rect style="color:#000000;display:inline;overflow:visible;visibility:visible;fill:#ff8e2a;fill-opacity:1;fill-rule:nonzero;stroke:none;stroke-width:2;marker:none;enable-background:accumulate" id="rect20612" width="18.96586" height="18.96586" x="185.21863" y="736.57422"/>
    <rect y="264.3663" x="230.51057" height="103.00955" width="175.78622" id="rect6841" style="color:#000000;display:inline;overflow:visible;visibility:visible;fill:#000000;fill-opacity:1;fill-rule:nonzero;stroke:none;stroke-width:2.59126377;marker:none;filter:url(#filter14511-38);enable-background:accumulate"/>
    <g id="g9101" transform="matrix(0.56575479,0,0,0.56575479,203.63577,342.49635)">
      <g transform="matrix(0.46551856,0,0,0.46551856,403.9833,-568.22757)" id="g6723" style="stroke:#ff7d23;stroke-opacity:1">
        <g transform="translate(-1.9999988,247.45081)" id="g6725" style="stroke:#ff7d23;stroke-opacity:1">
          <path style="color:#000000;display:inline;overflow:visible;visibility:visible;fill:none;stroke:#ff7d23;stroke-width:16;stroke-linecap:round;stroke-linejoin:round;stroke-miterlimit:4;stroke-dashoffset:0;stroke-opacity:1;marker:none;enable-background:accumulate" d="m -684.31429,924.90515 0,-82.48626 c 0,-12.61496 10.15573,-22.77069 22.77069,-22.77069 l 14.23292,0" id="path6727" inkscape:connector-curvature="0" sodipodi:nodetypes="cssc"/>
          <path style="fill:none;stroke:#ff7d23;stroke-width:16;stroke-linecap:round;stroke-linejoin:round;stroke-opacity:1" d="m -692.04297,869.41923 39.41039,0" id="path6729" inkscape:connector-curvature="0" sodipodi:nodetypes="cc"/>
        </g>
        <path sodipodi:nodetypes="cc" inkscape:connector-curvature="0" id="path6731" d="m -572.936,1066.7216 0,105.6344" style="color:#000000;display:inline;overflow:visible;visibility:visible;fill:none;stroke:#ff7d23;stroke-width:16;stroke-linecap:round;stroke-linejoin:round;stroke-miterlimit:4;stroke-dasharray:none;stroke-dashoffset:0;stroke-opacity:1;marker:none;enable-background:accumulate"/>
        <path style="color:#000000;display:inline;overflow:visible;visibility:visible;fill:none;stroke:#ff7d23;stroke-width:16;stroke-linecap:round;stroke-linejoin:round;stroke-miterlimit:4;stroke-dashoffset:0;stroke-opacity:1;marker:none;enable-background:accumulate" d="m -545.50603,1172.356 25.07235,0 c 13.24816,0 23.91365,-10.6102 23.91365,-23.7897 l 0,-4.7579 c 0,-13.1795 -10.66575,-23.8721 -23.91365,-23.7897 -15.00464,0.093 8.10144,0.1866 -6.90318,0.2799 -13.24816,0 -23.91366,-10.6102 -23.91366,-23.7897 l 0,-4.7579 c 0,-13.1795 10.6655,-23.7897 23.91366,-23.7897 l 25.07235,0" id="path6733" inkscape:connector-curvature="0" sodipodi:nodetypes="csssccsssc"/>
        <rect ry="14.828341" y="1098.1173" x="-476.8345" height="74.238625" width="50.704243" id="rect6735" style="color:#000000;display:inline;overflow:visible;visibility:visible;fill:none;stroke:#ff7d23;stroke-width:16;stroke-linecap:round;stroke-linejoin:round;stroke-miterlimit:4;stroke-dasharray:none;stroke-dashoffset:0;stroke-opacity:1;marker:none;enable-background:accumulate"/>
        <path style="color:#000000;display:inline;overflow:visible;visibility:visible;fill:none;stroke:#ff7d23;stroke-width:16;stroke-linecap:round;stroke-linejoin:round;stroke-miterlimit:4;stroke-dashoffset:0;stroke-opacity:1;marker:none;enable-background:accumulate" d="m -629.62515,1067.099 0,82.4863 c 0,12.6149 10.15573,22.7707 22.77069,22.7707 l 14.23292,0" id="path6737" inkscape:connector-curvature="0" sodipodi:nodetypes="cssc"/>
        <path sodipodi:nodetypes="cssc" inkscape:connector-curvature="0" id="path6739" d="m -405.33322,1067.099 0,82.4863 c 0,12.6149 10.15573,22.7707 22.77069,22.7707 l 14.23292,0" style="color:#000000;display:inline;overflow:visible;visibility:visible;fill:none;stroke:#ff7d23;stroke-width:16;stroke-linecap:round;stroke-linejoin:round;stroke-miterlimit:4;stroke-dashoffset:0;stroke-opacity:1;marker:none;enable-background:accumulate"/>
      </g>
      <g id="g6741" transform="matrix(0.49201676,0,0,0.49201676,377.57693,-309.9824)" style="fill:#ff7d23;fill-opacity:1">
        <path sodipodi:nodetypes="cccccccccccccccccccc" style="color:#000000;display:inline;overflow:visible;visibility:visible;fill:#ff7d23;fill-opacity:1;fill-rule:nonzero;stroke:none;stroke-width:2.59126377;marker:none;enable-background:accumulate" d="m -190.88509,549.55846 52.06891,51.75565 30.52019,-28.21031 -25.50547,-24.15111 -17.03141,16.57766 11.89183,11.39756 14.43039,-10.95934 1.2388,1.24669 -12.28329,12.79749 c -1.84296,1.8475 -3.85708,2.44832 -6.23129,0.42626 l -12.36732,-11.93974 c -1.48001,-1.85516 -1.80691,-3.67653 -0.58243,-5.45242 0,0 7.48483,-9.96501 17.76225,-18.95535 3.20411,-2.34714 5.98904,-1.76686 8.51775,0.60274 l 27.17969,23.66823 c 2.50926,2.87645 1.97316,6.47897 -0.64957,9.16365 l -31.25806,33.34621 c -2.95385,3.42313 -9.81213,3.20417 -12.78844,-0.10338 l -54.50543,-52.12566 z" id="path6743" inkscape:connector-curvature="0"/>
        <path inkscape:connector-curvature="0" id="path6745" d="m -219.23273,519.18943 -52.06891,-51.75566 -30.52019,28.21032 25.50547,24.15111 17.03141,-16.57766 -11.89183,-11.39757 -14.43039,10.95934 -1.2388,-1.24669 12.28329,-12.79748 c 1.84296,-1.8475 3.85708,-2.44833 6.23129,-0.42627 l 12.36732,11.93975 c 1.48001,1.85515 1.80691,3.67652 0.58243,5.45241 0,0 -7.48483,9.96501 -17.76225,18.95535 -3.20411,2.34714 -5.98904,1.76686 -8.51775,-0.60274 l -27.17969,-23.66823 c -2.50926,-2.87645 -1.97316,-6.47896 0.64957,-9.16364 l 31.25806,-33.34622 c 2.95385,-3.42313 9.81213,-3.20417 12.78844,0.10339 l 54.50543,52.12565 z" style="color:#000000;display:inline;overflow:visible;visibility:visible;fill:#ff7d23;fill-opacity:1;fill-rule:nonzero;stroke:none;stroke-width:2.59126377;marker:none;enable-background:accumulate" sodipodi:nodetypes="cccccccccccccccccccc"/>
        <path inkscape:connector-curvature="0" id="path6747" d="m -189.8744,520.20012 51.75566,-52.06891 -28.21032,-30.52019 -24.15111,25.50547 16.57766,17.03141 11.39757,-11.89183 -10.95934,-14.43039 1.24669,-1.2388 12.79748,12.28329 c 1.8475,1.84296 2.44833,3.85708 0.42627,6.23129 l -11.93975,12.36732 c -1.85515,1.48001 -3.67652,1.80691 -5.45241,0.58243 0,0 -9.96501,-7.48483 -18.95535,-17.76225 -2.34714,-3.20411 -1.76686,-5.98904 0.60274,-8.51775 l 23.66823,-27.17969 c 2.87645,-2.50926 6.47896,-1.97316 9.16364,0.64957 l 33.34622,31.25806 c 3.42313,2.95385 3.20417,9.81213 -0.10339,12.78844 l -52.12565,54.50543 z" style="color:#000000;display:inline;overflow:visible;visibility:visible;fill:#ff7d23;fill-opacity:1;fill-rule:nonzero;stroke:none;stroke-width:2.59126377;marker:none;enable-background:accumulate" sodipodi:nodetypes="cccccccccccccccccccc"/>
        <path sodipodi:nodetypes="cccccccccccccccccccc" style="color:#000000;display:inline;overflow:visible;visibility:visible;fill:#ff7d23;fill-opacity:1;fill-rule:nonzero;stroke:none;stroke-width:2.59126377;marker:none;enable-background:accumulate" d="m -220.24343,548.54776 -51.75566,52.06891 28.21032,30.52019 24.15111,-25.50547 -16.57766,-17.03141 -11.39757,11.89183 10.95934,14.43039 -1.24669,1.2388 -12.79748,-12.28329 c -1.8475,-1.84296 -2.44833,-3.85708 -0.42627,-6.23129 l 11.93975,-12.36732 c 1.85515,-1.48001 3.67652,-1.80691 5.45241,-0.58243 0,0 9.96501,7.48483 18.95535,17.76225 2.34714,3.20411 1.76686,5.98904 -0.60274,8.51775 l -23.66823,27.17969 c -2.87645,2.50926 -6.47896,1.97316 -9.16364,-0.64957 l -33.34622,-31.25806 c -3.42313,-2.95385 -3.20417,-9.81213 0.10339,-12.78844 l 52.12565,-54.50543 z" id="path6749" inkscape:connector-curvature="0"/>
        <g id="g6751" transform="matrix(1.0923337,0.25861982,-0.25861982,1.0923337,160.90403,65.72318)" style="fill:#ff7d23;fill-opacity:1">
          <path style="color:#000000;display:inline;overflow:visible;visibility:visible;fill:#ff7d23;fill-opacity:1;fill-rule:nonzero;stroke:none;stroke-width:2.59126377;marker:none;enable-background:accumulate" d="m -212.37363,517.74995 15.31813,45.99113 c 0,0 10.85389,-5.00739 11.41711,1.79622 0.56321,6.80362 -14.99811,6.05293 -14.99811,6.05293 l -14.63562,-53.47392 z" id="path6753" inkscape:connector-curvature="0" sodipodi:nodetypes="ccsccc"/>
          <ellipse style="color:#000000;display:inline;overflow:visible;visibility:visible;fill:#ff7d23;fill-opacity:1;fill-rule:nonzero;stroke:none;stroke-width:2.59126377;marker:none;enable-background:accumulate" id="path6755" transform="matrix(0.20486933,-0.97878933,0.97878933,0.20486933,-662.31715,286.99496)" cx="-148.45714" cy="505.67648" rx="4.8000002" ry="7.0285716"/>
          <ellipse transform="matrix(0.20486933,-0.97878933,0.97878933,0.20486933,-654.32827,298.52421)" id="path6757" style="color:#000000;display:inline;overflow:visible;visibility:visible;fill:#ff7d23;fill-opacity:1;fill-rule:nonzero;stroke:none;stroke-width:2.59126377;marker:none;enable-background:accumulate" cx="-148.45714" cy="505.67648" rx="4.8000002" ry="7.0285716"/>
          <path sodipodi:nodetypes="ccsccc" inkscape:connector-curvature="0" id="path6759" d="m -229.74419,444.99793 -15.31813,-45.99112 c 0,0 -10.85389,5.00739 -11.41711,-1.79622 -0.56321,-6.80363 14.99811,-6.05293 14.99811,-6.05293 l 14.63562,53.47391 z" style="color:#000000;display:inline;overflow:visible;visibility:visible;fill:#ff7d23;fill-opacity:1;fill-rule:nonzero;stroke:none;stroke-width:2.59126377;marker:none;enable-background:accumulate"/>
          <ellipse transform="matrix(-0.20486933,0.97878933,-0.97878933,-0.20486933,220.19933,675.75292)" id="path6761" style="color:#000000;display:inline;overflow:visible;visibility:visible;fill:#ff7d23;fill-opacity:1;fill-rule:nonzero;stroke:none;stroke-width:2.59126377;marker:none;enable-background:accumulate" cx="-148.45714" cy="505.67648" rx="4.8000002" ry="7.0285716"/>
          <ellipse style="color:#000000;display:inline;overflow:visible;visibility:visible;fill:#ff7d23;fill-opacity:1;fill-rule:nonzero;stroke:none;stroke-width:2.59126377;marker:none;enable-background:accumulate" id="path6763" transform="matrix(-0.20486933,0.97878933,-0.97878933,-0.20486933,212.21045,664.22368)" cx="-148.45714" cy="505.67648" rx="4.8000002" ry="7.0285716"/>
          <path sodipodi:nodetypes="ccsccc" inkscape:connector-curvature="0" id="path6765" d="m -184.6829,472.68866 45.99112,-15.31813 c 0,0 -5.00739,-10.85389 1.79622,-11.41711 6.80363,-0.56321 6.05293,14.99811 6.05293,14.99811 l -53.47391,14.63562 z" style="color:#000000;display:inline;overflow:visible;visibility:visible;fill:#ff7d23;fill-opacity:1;fill-rule:nonzero;stroke:none;stroke-width:2.59126377;marker:none;enable-background:accumulate"/>
          <ellipse transform="matrix(-0.97878933,-0.20486933,0.20486933,-0.97878933,-415.43789,922.63218)" id="path6767" style="color:#000000;display:inline;overflow:visible;visibility:visible;fill:#ff7d23;fill-opacity:1;fill-rule:nonzero;stroke:none;stroke-width:2.59126377;marker:none;enable-background:accumulate" cx="-148.45714" cy="505.67648" rx="4.8000002" ry="7.0285716"/>
          <ellipse style="color:#000000;display:inline;overflow:visible;visibility:visible;fill:#ff7d23;fill-opacity:1;fill-rule:nonzero;stroke:none;stroke-width:2.59126377;marker:none;enable-background:accumulate" id="path6769" transform="matrix(-0.97878933,-0.20486933,0.20486933,-0.97878933,-403.90865,914.6433)" cx="-148.45714" cy="505.67648" rx="4.8000002" ry="7.0285716"/>
          <path style="color:#000000;display:inline;overflow:visible;visibility:visible;fill:#ff7d23;fill-opacity:1;fill-rule:nonzero;stroke:none;stroke-width:2.59126377;marker:none;enable-background:accumulate" d="m -257.43493,490.05922 -45.99112,15.31813 c 0,0 5.00739,10.85389 -1.79622,11.41711 -6.80363,0.56321 -6.05293,-14.99811 -6.05293,-14.99811 l 53.47391,-14.63562 z" id="path6771" inkscape:connector-curvature="0" sodipodi:nodetypes="ccsccc"/>
          <ellipse style="color:#000000;display:inline;overflow:visible;visibility:visible;fill:#ff7d23;fill-opacity:1;fill-rule:nonzero;stroke:none;stroke-width:2.59126377;marker:none;enable-background:accumulate" id="path6773" transform="matrix(0.97878933,0.20486933,-0.20486933,0.97878933,-26.67994,40.115699)" cx="-148.45714" cy="505.67648" rx="4.8000002" ry="7.0285716"/>
          <ellipse transform="matrix(0.97878933,0.20486933,-0.20486933,0.97878933,-38.209184,48.104584)" id="path6775" style="color:#000000;display:inline;overflow:visible;visibility:visible;fill:#ff7d23;fill-opacity:1;fill-rule:nonzero;stroke:none;stroke-width:2.59126377;marker:none;enable-background:accumulate" cx="-148.45714" cy="505.67648" rx="4.8000002" ry="7.0285716"/>
        </g>
      </g>
      <circle style="color:#000000;display:inline;overflow:visible;visibility:visible;fill:#ff7d23;fill-opacity:1;fill-rule:nonzero;stroke:#ff7d23;stroke-width:2.79311132;stroke-opacity:1;marker:none;enable-background:accumulate" id="path6777" cx="276.68451" cy="-47.061478" r="26.076889"/>
      <path inkscape:connector-curvature="0" id="path6779" d="m 263.4287,-66.70231 c -0.3733,0.01536 -0.70248,0.108373 -0.95317,0.314178 -0.1388,1.343254 0.33468,3.067163 1.36036,4.010396 -0.0885,-0.114703 -0.19531,-0.322557 -0.34241,-0.665272 -0.45511,-0.774065 -1.27408,-4.207078 0.30539,-2.550437 0.92594,1.94517 1.22744,4.319128 2.66518,6.043316 1.09574,1.799275 3.17739,1.915469 4.93242,2.365579 1.52382,0.739243 2.01401,2.927832 3.65535,3.363604 1.16862,1.519313 -0.29744,3.421096 -0.93466,4.888224 -1.27839,2.264469 1.34454,3.639145 2.1747,5.414912 1.67988,2.318795 3.27305,5.389355 2.00814,8.307272 -0.7475,2.110987 -0.92895,4.443142 -1.46213,6.643927 -0.23723,1.561163 -0.57388,4.841207 1.11048,5.14696 0.33766,-1.688296 0.20408,-3.505262 1.56393,-4.777338 1.33767,-2.545083 3.94367,-4.132594 5.92262,-5.932382 0.91269,-1.084519 2.68141,-3.545995 4.4327,-4.749686 0.77664,-1.314438 0.54431,-3.548136 1.97112,-4.851309 1.09308,-1.156162 1.63612,-3.840016 -0.4627,-4.158198 -2.79739,-1.115103 -5.09852,-3.231816 -6.95908,-5.627467 -2.01497,-1.085403 -3.28017,-1.381846 -5.42933,-2.073327 -0.13078,-0.04236 -0.31041,1.12879 -0.70214,1.124879 -0.53572,-0.0051 0.12357,-1.498457 -1.04043,-1.454094 -0.19496,0.641951 -1.30798,1.657107 -2.07292,1.875807 -0.2953,-0.481672 -1.34364,-1.492824 -1.2678,-2.310089 -0.0349,-1.64626 -2.13769,-1.68676 -1.3326,-3.252671 -0.48094,-1.379657 -2.41294,2.025518 -3.2019,-0.305008 -0.46642,-2.02454 -0.54759,-5.454714 -2.41531,-5.83993 -0.90015,-0.356448 -2.40591,-0.997513 -3.52581,-0.951846 z m 11.5592,5.691011 c 0.18494,0.05791 1.01098,-0.193935 1.9204,-0.179411 0.85707,0.01397 2.28725,0.719226 2.54651,0.494288 -0.40406,-1.339763 -3.25381,-1.09341 -3.20022,-1.087172 -0.43056,0.362266 -1.57486,0.656614 -1.26669,0.772295 z m 9.38205,2.546945 c -0.0712,0.12569 -0.43313,0.157113 -0.43352,-0.100598 0.1422,-0.249099 0.41907,-0.03538 0.43352,0.100598 z m -1.72145,-0.496894 c -1.61829,-0.0499 -0.5544,-0.874244 -1.41364,-0.855577 -0.60231,0.01257 -0.4315,0.645302 -1.47564,0.548008 0.9599,0.452066 1.02456,0.34076 1.69332,0.697999 0.94904,-0.05614 1.5318,-0.04283 1.19596,-0.39043 z" style="font-size:12px;fill:#000000;fill-opacity:1;fill-rule:nonzero;stroke:#000000;stroke-width:0.46551856;stroke-opacity:1" sodipodi:nodetypes="cccccccccccccccccccssccccccccscccccccsccc"/>
    </g>
    <rect style="color:#000000;display:inline;overflow:visible;visibility:visible;fill:#000000;fill-opacity:1;fill-rule:nonzero;stroke:none;stroke-width:2.59126377;marker:none;filter:url(#filter14511-38);enable-background:accumulate" id="rect6843" width="175.78622" height="103.00955" x="406.29678" y="264.3663"/>
    <g id="g7266" transform="matrix(0.26336935,0,0,0.26336935,267.79153,735.69741)">
      <g id="g6847" transform="translate(1291.6687,-2713.5979)" style="stroke:#ffffff">
        <g id="g6849" transform="translate(-1.9999988,247.45081)" style="stroke:#ffffff">
          <path sodipodi:nodetypes="cssc" inkscape:connector-curvature="0" id="path6851" d="m -684.31429,924.90515 0,-82.48626 c 0,-12.61496 10.15573,-22.77069 22.77069,-22.77069 l 14.23292,0" style="color:#000000;display:inline;overflow:visible;visibility:visible;fill:none;stroke:#ffffff;stroke-width:16;stroke-linecap:round;stroke-linejoin:round;stroke-miterlimit:4;stroke-dashoffset:0;stroke-opacity:1;marker:none;enable-background:accumulate"/>
          <path sodipodi:nodetypes="cc" inkscape:connector-curvature="0" id="path6853" d="m -692.04297,869.41923 39.41039,0" style="fill:none;stroke:#ffffff;stroke-width:16;stroke-linecap:round;stroke-linejoin:round;stroke-opacity:1"/>
        </g>
        <path style="color:#000000;display:inline;overflow:visible;visibility:visible;fill:none;stroke:#ffffff;stroke-width:16;stroke-linecap:round;stroke-linejoin:round;stroke-miterlimit:4;stroke-dasharray:none;stroke-dashoffset:0;stroke-opacity:1;marker:none;enable-background:accumulate" d="m -572.936,1066.7216 0,105.6344" id="path6855" inkscape:connector-curvature="0" sodipodi:nodetypes="cc"/>
        <path sodipodi:nodetypes="csssccsssc" inkscape:connector-curvature="0" id="path6857" d="m -545.50603,1172.356 25.07235,0 c 13.24816,0 23.91365,-10.6102 23.91365,-23.7897 l 0,-4.7579 c 0,-13.1795 -10.66575,-23.8721 -23.91365,-23.7897 -15.00464,0.093 8.10144,0.1866 -6.90318,0.2799 -13.24816,0 -23.91366,-10.6102 -23.91366,-23.7897 l 0,-4.7579 c 0,-13.1795 10.6655,-23.7897 23.91366,-23.7897 l 25.07235,0" style="color:#000000;display:inline;overflow:visible;visibility:visible;fill:none;stroke:#ffffff;stroke-width:16;stroke-linecap:round;stroke-linejoin:round;stroke-miterlimit:4;stroke-dashoffset:0;stroke-opacity:1;marker:none;enable-background:accumulate"/>
        <rect style="color:#000000;display:inline;overflow:visible;visibility:visible;fill:none;stroke:#ffffff;stroke-width:16;stroke-linecap:round;stroke-linejoin:round;stroke-miterlimit:4;stroke-dasharray:none;stroke-dashoffset:0;stroke-opacity:1;marker:none;enable-background:accumulate" id="rect6859" width="50.704243" height="74.238625" x="-476.8345" y="1098.1173" ry="14.828341"/>
        <path sodipodi:nodetypes="cssc" inkscape:connector-curvature="0" id="path6861" d="m -629.62515,1067.099 0,82.4863 c 0,12.6149 10.15573,22.7707 22.77069,22.7707 l 14.23292,0" style="color:#000000;display:inline;overflow:visible;visibility:visible;fill:none;stroke:#ffffff;stroke-width:16;stroke-linecap:round;stroke-linejoin:round;stroke-miterlimit:4;stroke-dashoffset:0;stroke-opacity:1;marker:none;enable-background:accumulate"/>
        <path style="color:#000000;display:inline;overflow:visible;visibility:visible;fill:none;stroke:#ffffff;stroke-width:16;stroke-linecap:round;stroke-linejoin:round;stroke-miterlimit:4;stroke-dashoffset:0;stroke-opacity:1;marker:none;enable-background:accumulate" d="m -405.33322,1067.099 0,82.4863 c 0,12.6149 10.15573,22.7707 22.77069,22.7707 l 14.23292,0" id="path6863" inkscape:connector-curvature="0" sodipodi:nodetypes="cssc"/>
      </g>
      <g transform="matrix(1.0569219,0,0,1.0569219,1234.9441,-2158.8506)" id="g6865" style="fill:#ffffff">
        <path inkscape:connector-curvature="0" id="path6867" d="m -190.88509,549.55846 52.06891,51.75565 30.52019,-28.21031 -25.50547,-24.15111 -17.03141,16.57766 11.89183,11.39756 14.43039,-10.95934 1.2388,1.24669 -12.28329,12.79749 c -1.84296,1.8475 -3.85708,2.44832 -6.23129,0.42626 l -12.36732,-11.93974 c -1.48001,-1.85516 -1.80691,-3.67653 -0.58243,-5.45242 0,0 7.48483,-9.96501 17.76225,-18.95535 3.20411,-2.34714 5.98904,-1.76686 8.51775,0.60274 l 27.17969,23.66823 c 2.50926,2.87645 1.97316,6.47897 -0.64957,9.16365 l -31.25806,33.34621 c -2.95385,3.42313 -9.81213,3.20417 -12.78844,-0.10338 l -54.50543,-52.12566 z" style="color:#000000;display:inline;overflow:visible;visibility:visible;fill:#ffffff;fill-opacity:1;fill-rule:nonzero;stroke:none;stroke-width:2.59126377;marker:none;enable-background:accumulate" sodipodi:nodetypes="cccccccccccccccccccc"/>
        <path sodipodi:nodetypes="cccccccccccccccccccc" style="color:#000000;display:inline;overflow:visible;visibility:visible;fill:#ffffff;fill-opacity:1;fill-rule:nonzero;stroke:none;stroke-width:2.59126377;marker:none;enable-background:accumulate" d="m -219.23273,519.18943 -52.06891,-51.75566 -30.52019,28.21032 25.50547,24.15111 17.03141,-16.57766 -11.89183,-11.39757 -14.43039,10.95934 -1.2388,-1.24669 12.28329,-12.79748 c 1.84296,-1.8475 3.85708,-2.44833 6.23129,-0.42627 l 12.36732,11.93975 c 1.48001,1.85515 1.80691,3.67652 0.58243,5.45241 0,0 -7.48483,9.96501 -17.76225,18.95535 -3.20411,2.34714 -5.98904,1.76686 -8.51775,-0.60274 l -27.17969,-23.66823 c -2.50926,-2.87645 -1.97316,-6.47896 0.64957,-9.16364 l 31.25806,-33.34622 c 2.95385,-3.42313 9.81213,-3.20417 12.78844,0.10339 l 54.50543,52.12565 z" id="path6869" inkscape:connector-curvature="0"/>
        <path sodipodi:nodetypes="cccccccccccccccccccc" style="color:#000000;display:inline;overflow:visible;visibility:visible;fill:#ffffff;fill-opacity:1;fill-rule:nonzero;stroke:none;stroke-width:2.59126377;marker:none;enable-background:accumulate" d="m -189.8744,520.20012 51.75566,-52.06891 -28.21032,-30.52019 -24.15111,25.50547 16.57766,17.03141 11.39757,-11.89183 -10.95934,-14.43039 1.24669,-1.2388 12.79748,12.28329 c 1.8475,1.84296 2.44833,3.85708 0.42627,6.23129 l -11.93975,12.36732 c -1.85515,1.48001 -3.67652,1.80691 -5.45241,0.58243 0,0 -9.96501,-7.48483 -18.95535,-17.76225 -2.34714,-3.20411 -1.76686,-5.98904 0.60274,-8.51775 l 23.66823,-27.17969 c 2.87645,-2.50926 6.47896,-1.97316 9.16364,0.64957 l 33.34622,31.25806 c 3.42313,2.95385 3.20417,9.81213 -0.10339,12.78844 l -52.12565,54.50543 z" id="path6871" inkscape:connector-curvature="0"/>
        <path inkscape:connector-curvature="0" id="path6873" d="m -220.24343,548.54776 -51.75566,52.06891 28.21032,30.52019 24.15111,-25.50547 -16.57766,-17.03141 -11.39757,11.89183 10.95934,14.43039 -1.24669,1.2388 -12.79748,-12.28329 c -1.8475,-1.84296 -2.44833,-3.85708 -0.42627,-6.23129 l 11.93975,-12.36732 c 1.85515,-1.48001 3.67652,-1.80691 5.45241,-0.58243 0,0 9.96501,7.48483 18.95535,17.76225 2.34714,3.20411 1.76686,5.98904 -0.60274,8.51775 l -23.66823,27.17969 c -2.87645,2.50926 -6.47896,1.97316 -9.16364,-0.64957 l -33.34622,-31.25806 c -3.42313,-2.95385 -3.20417,-9.81213 0.10339,-12.78844 l 52.12565,-54.50543 z" style="color:#000000;display:inline;overflow:visible;visibility:visible;fill:#ffffff;fill-opacity:1;fill-rule:nonzero;stroke:none;stroke-width:2.59126377;marker:none;enable-background:accumulate" sodipodi:nodetypes="cccccccccccccccccccc"/>
        <g transform="matrix(1.0923337,0.25861982,-0.25861982,1.0923337,160.90403,65.72318)" id="g6875" style="fill:#ffffff">
          <path sodipodi:nodetypes="ccsccc" inkscape:connector-curvature="0" id="path6877" d="m -212.37363,517.74995 15.31813,45.99113 c 0,0 10.85389,-5.00739 11.41711,1.79622 0.56321,6.80362 -14.99811,6.05293 -14.99811,6.05293 l -14.63562,-53.47392 z" style="color:#000000;display:inline;overflow:visible;visibility:visible;fill:#ffffff;fill-opacity:1;fill-rule:nonzero;stroke:none;stroke-width:2.59126377;marker:none;enable-background:accumulate"/>
          <ellipse transform="matrix(0.20486933,-0.97878933,0.97878933,0.20486933,-662.31715,286.99496)" id="path6879" style="color:#000000;display:inline;overflow:visible;visibility:visible;fill:#ffffff;fill-opacity:1;fill-rule:nonzero;stroke:none;stroke-width:2.59126377;marker:none;enable-background:accumulate" cx="-148.45714" cy="505.67648" rx="4.8000002" ry="7.0285716"/>
          <ellipse style="color:#000000;display:inline;overflow:visible;visibility:visible;fill:#ffffff;fill-opacity:1;fill-rule:nonzero;stroke:none;stroke-width:2.59126377;marker:none;enable-background:accumulate" id="path6881" transform="matrix(0.20486933,-0.97878933,0.97878933,0.20486933,-654.32827,298.52421)" cx="-148.45714" cy="505.67648" rx="4.8000002" ry="7.0285716"/>
          <path style="color:#000000;display:inline;overflow:visible;visibility:visible;fill:#ffffff;fill-opacity:1;fill-rule:nonzero;stroke:none;stroke-width:2.59126377;marker:none;enable-background:accumulate" d="m -229.74419,444.99793 -15.31813,-45.99112 c 0,0 -10.85389,5.00739 -11.41711,-1.79622 -0.56321,-6.80363 14.99811,-6.05293 14.99811,-6.05293 l 14.63562,53.47391 z" id="path6883" inkscape:connector-curvature="0" sodipodi:nodetypes="ccsccc"/>
          <ellipse style="color:#000000;display:inline;overflow:visible;visibility:visible;fill:#ffffff;fill-opacity:1;fill-rule:nonzero;stroke:none;stroke-width:2.59126377;marker:none;enable-background:accumulate" id="path6885" transform="matrix(-0.20486933,0.97878933,-0.97878933,-0.20486933,220.19933,675.75292)" cx="-148.45714" cy="505.67648" rx="4.8000002" ry="7.0285716"/>
          <ellipse transform="matrix(-0.20486933,0.97878933,-0.97878933,-0.20486933,212.21045,664.22368)" id="path6887" style="color:#000000;display:inline;overflow:visible;visibility:visible;fill:#ffffff;fill-opacity:1;fill-rule:nonzero;stroke:none;stroke-width:2.59126377;marker:none;enable-background:accumulate" cx="-148.45714" cy="505.67648" rx="4.8000002" ry="7.0285716"/>
          <path style="color:#000000;display:inline;overflow:visible;visibility:visible;fill:#ffffff;fill-opacity:1;fill-rule:nonzero;stroke:none;stroke-width:2.59126377;marker:none;enable-background:accumulate" d="m -184.6829,472.68866 45.99112,-15.31813 c 0,0 -5.00739,-10.85389 1.79622,-11.41711 6.80363,-0.56321 6.05293,14.99811 6.05293,14.99811 l -53.47391,14.63562 z" id="path6889" inkscape:connector-curvature="0" sodipodi:nodetypes="ccsccc"/>
          <ellipse style="color:#000000;display:inline;overflow:visible;visibility:visible;fill:#ffffff;fill-opacity:1;fill-rule:nonzero;stroke:none;stroke-width:2.59126377;marker:none;enable-background:accumulate" id="path6891" transform="matrix(-0.97878933,-0.20486933,0.20486933,-0.97878933,-415.43789,922.63218)" cx="-148.45714" cy="505.67648" rx="4.8000002" ry="7.0285716"/>
          <ellipse transform="matrix(-0.97878933,-0.20486933,0.20486933,-0.97878933,-403.90865,914.6433)" id="path6893" style="color:#000000;display:inline;overflow:visible;visibility:visible;fill:#ffffff;fill-opacity:1;fill-rule:nonzero;stroke:none;stroke-width:2.59126377;marker:none;enable-background:accumulate" cx="-148.45714" cy="505.67648" rx="4.8000002" ry="7.0285716"/>
          <path sodipodi:nodetypes="ccsccc" inkscape:connector-curvature="0" id="path6895" d="m -257.43493,490.05922 -45.99112,15.31813 c 0,0 5.00739,10.85389 -1.79622,11.41711 -6.80363,0.56321 -6.05293,-14.99811 -6.05293,-14.99811 l 53.47391,-14.63562 z" style="color:#000000;display:inline;overflow:visible;visibility:visible;fill:#ffffff;fill-opacity:1;fill-rule:nonzero;stroke:none;stroke-width:2.59126377;marker:none;enable-background:accumulate"/>
          <ellipse transform="matrix(0.97878933,0.20486933,-0.20486933,0.97878933,-26.67994,40.115699)" id="path6897" style="color:#000000;display:inline;overflow:visible;visibility:visible;fill:#ffffff;fill-opacity:1;fill-rule:nonzero;stroke:none;stroke-width:2.59126377;marker:none;enable-background:accumulate" cx="-148.45714" cy="505.67648" rx="4.8000002" ry="7.0285716"/>
          <ellipse style="color:#000000;display:inline;overflow:visible;visibility:visible;fill:#ffffff;fill-opacity:1;fill-rule:nonzero;stroke:none;stroke-width:2.59126377;marker:none;enable-background:accumulate" id="path6899" transform="matrix(0.97878933,0.20486933,-0.20486933,0.97878933,-38.209184,48.104584)" cx="-148.45714" cy="505.67648" rx="4.8000002" ry="7.0285716"/>
        </g>
      </g>
      <circle transform="matrix(1.0569219,0,0,1.0569219,1236.9956,-2154.6105)" id="path6901" style="color:#000000;display:inline;overflow:visible;visibility:visible;fill:#ffffff;fill-opacity:1;fill-rule:nonzero;stroke:#ffffff;stroke-width:5.67686224;stroke-opacity:1;marker:none;enable-background:accumulate" cx="-207" cy="530.36218" r="53"/>
      <path sodipodi:nodetypes="cccccccccccccccccccssccccccccscccccccsccc" style="font-size:12px;fill:#000000;fill-opacity:1;fill-rule:nonzero;stroke:#000000;stroke-width:1;stroke-opacity:1" d="m 989.73746,-1636.2504 c -0.80191,0.033 -1.50903,0.2328 -2.04754,0.6749 -0.29817,2.8855 0.71893,6.5887 2.92223,8.6149 -0.19017,-0.2464 -0.41954,-0.6929 -0.73554,-1.4291 -0.97763,-1.6628 -2.7369,-9.0374 0.65602,-5.4787 1.98906,4.1785 2.63671,9.2781 5.72518,12.9819 2.35381,3.8651 6.82549,4.1147 10.59549,5.0816 3.2734,1.588 4.3264,6.2894 7.8523,7.2255 2.5103,3.2637 -0.639,7.349 -2.0078,10.5006 -2.7462,4.8644 2.8882,7.8174 4.6716,11.632 3.6086,4.9811 7.0309,11.5771 4.3137,17.8452 -1.6057,4.5347 -1.9955,9.5445 -3.1409,14.2721 -0.5095,3.3536 -1.2327,10.3996 2.3855,11.0564 0.7254,-3.6267 0.4384,-7.5298 3.3596,-10.2624 2.8735,-5.4672 8.4715,-8.8774 12.7226,-12.7436 1.9606,-2.3297 5.76,-7.6173 9.5221,-10.203 1.6683,-2.8236 1.1692,-7.6219 4.2342,-10.4213 2.3481,-2.4836 3.5146,-8.2489 -0.9939,-8.9324 -6.0092,-2.3954 -10.9524,-6.9424 -14.9491,-12.0886 -4.3285,-2.3316 -7.0463,-2.9684 -11.663,-4.4538 -0.2809,-0.091 -0.6668,2.4248 -1.5083,2.4164 -1.1508,-0.011 0.2654,-3.2189 -2.235,-3.1236 -0.4188,1.379 -2.8097,3.5597 -4.4529,4.0295 -0.6344,-1.0347 -2.8863,-3.2068 -2.7234,-4.9624 -0.075,-3.5364 -4.5921,-3.6234 -2.8626,-6.9872 -1.0332,-2.9637 -5.1834,4.3511 -6.8782,-0.6552 -1.0019,-4.349 -1.1763,-11.7175 -5.1884,-12.545 -1.93365,-0.7657 -5.16823,-2.1428 -7.57394,-2.0447 z m 24.83074,12.2251 c 0.3973,0.1244 2.1718,-0.4166 4.1254,-0.3854 1.8411,0.03 4.9133,1.545 5.4702,1.0618 -0.868,-2.878 -6.9896,-2.3488 -6.8745,-2.3354 -0.9249,0.7782 -3.383,1.4105 -2.7211,1.659 z m 20.154,5.4712 c -0.1528,0.27 -0.9304,0.3375 -0.9312,-0.2161 0.3054,-0.5351 0.9002,-0.076 0.9312,0.2161 z m -3.6979,-1.0674 c -3.4763,-0.1072 -1.1909,-1.878 -3.0367,-1.8379 -1.2938,0.027 -0.9269,1.3862 -3.1699,1.1772 2.062,0.9711 2.2009,0.732 3.6375,1.4994 2.0387,-0.1206 3.2906,-0.092 2.5691,-0.8387 z" id="path6903" inkscape:connector-curvature="0"/>
    </g>
    <rect style="color:#000000;display:inline;overflow:visible;visibility:visible;fill:#ffffff;fill-opacity:1;fill-rule:nonzero;stroke:#e6e6e6;stroke-width:0.68245947;marker:none;filter:url(#filter14511-38);enable-background:accumulate" id="rect7365" width="175.78622" height="103.00955" x="230.51057" y="367.37589"/>
    <rect y="367.37589" x="406.29678" height="103.00955" width="175.78622" id="rect7429" style="color:#000000;display:inline;overflow:visible;visibility:visible;fill:#ffffff;fill-opacity:1;fill-rule:nonzero;stroke:#e6e6e6;stroke-width:0.68245947;marker:none;filter:url(#filter14511-38);enable-background:accumulate"/>
    <g transform="matrix(0.26336935,0,0,0.26336935,466.05987,735.99294)" id="g7112">
      <g style="stroke:#000000;stroke-opacity:1" id="g7023" transform="translate(538.85387,-2323.5979)">
        <g style="stroke:#000000;stroke-opacity:1" id="g7025" transform="translate(-1.9999988,247.45081)">
          <path sodipodi:nodetypes="cssc" inkscape:connector-curvature="0" id="path7027" d="m -684.31429,924.90515 0,-82.48626 c 0,-12.61496 10.15573,-22.77069 22.77069,-22.77069 l 14.23292,0" style="color:#000000;display:inline;overflow:visible;visibility:visible;fill:none;stroke:#000000;stroke-width:16;stroke-linecap:round;stroke-linejoin:round;stroke-miterlimit:4;stroke-dashoffset:0;stroke-opacity:1;marker:none;enable-background:accumulate"/>
          <path sodipodi:nodetypes="cc" inkscape:connector-curvature="0" id="path7029" d="m -692.04297,869.41923 39.41039,0" style="fill:none;stroke:#000000;stroke-width:16;stroke-linecap:round;stroke-linejoin:round;stroke-opacity:1"/>
        </g>
        <path style="color:#000000;display:inline;overflow:visible;visibility:visible;fill:none;stroke:#000000;stroke-width:16;stroke-linecap:round;stroke-linejoin:round;stroke-miterlimit:4;stroke-dasharray:none;stroke-dashoffset:0;stroke-opacity:1;marker:none;enable-background:accumulate" d="m -572.936,1066.7216 0,105.6344" id="path7031" inkscape:connector-curvature="0" sodipodi:nodetypes="cc"/>
        <path sodipodi:nodetypes="csssccsssc" inkscape:connector-curvature="0" id="path7033" d="m -545.50603,1172.356 25.07235,0 c 13.24816,0 23.91365,-10.6102 23.91365,-23.7897 l 0,-4.7579 c 0,-13.1795 -10.66575,-23.8721 -23.91365,-23.7897 -15.00464,0.093 8.10144,0.1866 -6.90318,0.2799 -13.24816,0 -23.91366,-10.6102 -23.91366,-23.7897 l 0,-4.7579 c 0,-13.1795 10.6655,-23.7897 23.91366,-23.7897 l 25.07235,0" style="color:#000000;display:inline;overflow:visible;visibility:visible;fill:none;stroke:#000000;stroke-width:16;stroke-linecap:round;stroke-linejoin:round;stroke-miterlimit:4;stroke-dashoffset:0;stroke-opacity:1;marker:none;enable-background:accumulate"/>
        <rect style="color:#000000;display:inline;overflow:visible;visibility:visible;fill:none;stroke:#000000;stroke-width:16;stroke-linecap:round;stroke-linejoin:round;stroke-miterlimit:4;stroke-dasharray:none;stroke-dashoffset:0;stroke-opacity:1;marker:none;enable-background:accumulate" id="rect7036" width="50.704243" height="74.238625" x="-476.8345" y="1098.1173" ry="14.828341"/>
        <path sodipodi:nodetypes="cssc" inkscape:connector-curvature="0" id="path7038" d="m -629.62515,1067.099 0,82.4863 c 0,12.6149 10.15573,22.7707 22.77069,22.7707 l 14.23292,0" style="color:#000000;display:inline;overflow:visible;visibility:visible;fill:none;stroke:#000000;stroke-width:16;stroke-linecap:round;stroke-linejoin:round;stroke-miterlimit:4;stroke-dashoffset:0;stroke-opacity:1;marker:none;enable-background:accumulate"/>
